9 0.081210 0.283951 0.019108 0.057613
25 0.155255 0.088477 0.036624 0.061728
30 0.230096 0.090535 0.036624 0.057613
3 0.230892 0.382716 0.019108 0.057613
28 0.303344 0.187243 0.036624 0.061728
20 0.303344 0.380658 0.036624 0.061728
25 0.303344 0.475309 0.036624 0.061728
28 0.378185 0.088477 0.036624 0.061728
17 0.378185 0.187243 0.030255 0.061728
18 0.376592 0.475309 0.030255 0.061728
12 0.601115 0.281893 0.030255 0.061728
4 0.678344 0.189300 0.019108 0.057613
4 0.753185 0.090535 0.019108 0.057613
29 0.752389 0.281893 0.036624 0.061728
14 0.750796 0.382716 0.030255 0.057613
2 0.753185 0.475309 0.019108 0.061728
18 0.898885 0.475309 0.030255 0.061728
